id,code,name,cost,amount,nhaSX
1,123,123,123,123,123,123,123,123
2,123,123,123,123,123,13,123
